  |-----------------api_resolv-----------------|---file_access---|---file_read-----|label
[[0,0,0,1,0,0,1,0,0,0,0,0,1,1,0,1,0,0,1,1,0,0,1,1,0,0,1,0,0,0,1,0,0,1,1,0,0,0,1,0,0,3],
 [1,1,1,0,0,0,0,0,1,0,1,1,0,1,1,0,0,0,1,0,0,1,0,0,1,1,1,1,1,1,1,1,1,0,0,1,0,0,1,0,0,2],
 [0,1,0,1,0,0,0,1,1,0,1,1,0,1,1,0,1,1,0,0,1,1,0,1,1,1,0,0,1,1,1,1,0,1,0,0,0,0,1,0,0,1],
 [0,1,1,1,1,0,1,0,0,0,0,0,1,1,1,0,0,1,1,1,1,1,1,1,0,1,1,1,0,1,0,0,1,1,0,0,0,1,0,0,1,0],
 [0,0,0,0,0,1,0,1,0,0,0,1,1,1,1,1,0,1,0,1,1,1,1,1,1,0,1,0,1,1,1,1,1,0,0,1,0,1,0,1,1,3],
 [1,0,1,1,1,0,0,1,1,1,0,1,0,0,1,0,0,1,0,1,0,1,0,1,0,1,1,0,0,0,1,0,1,1,0,1,1,1,1,0,1,1],
 [0,0,1,0,1,0,1,0,0,1,1,1,1,0,0,1,0,0,0,1,1,1,1,0,0,0,0,0,1,0,0,1,0,1,1,0,1,1,0,0,0,2],
 [0,1,1,0,0,1,0,1,1,1,1,1,0,1,0,0,1,0,0,1,1,1,0,1,1,0,1,1,0,1,0,1,1,0,0,1,0,1,1,0,0,2],
 [0,0,1,0,0,1,1,0,1,1,0,0,0,1,0,0,0,0,1,1,1,1,0,1,0,0,0,0,1,0,1,0,1,1,0,0,0,1,1,0,1,3],
 [1,1,0,0,0,0,1,0,1,0,0,1,1,1,1,1,1,0,0,0,0,0,0,0,0,1,1,1,0,1,0,0,1,1,0,1,0,0,0,1,0,0],
 [0,0,1,1,0,1,1,0,0,1,1,0,0,1,0,1,0,1,1,1,1,1,1,1,1,0,0,0,1,1,1,0,0,0,0,0,1,0,0,1,1,1]]












array([[1, 1, 1, 0, 0, 0, 0, 0, 1, 0, 1, 1, 0, 1, 1, 0, 0, 0, 1, 0, 0, 1,
        0, 0, 1, 1, 1, 1, 1, 1, 1, 1, 1, 0, 0, 1, 0, 0, 1, 0, 0],
       [0, 1, 0, 1, 0, 0, 0, 1, 1, 0, 1, 1, 0, 1, 1, 0, 1, 1, 0, 0, 1, 1,
        0, 1, 1, 1, 0, 0, 1, 1, 1, 1, 0, 1, 0, 0, 0, 0, 1, 0, 0],
       [0, 1, 1, 1, 1, 0, 1, 0, 0, 0, 0, 0, 1, 1, 1, 0, 0, 1, 1, 1, 1, 1,
        1, 1, 0, 1, 1, 1, 0, 1, 0, 0, 1, 1, 0, 0, 0, 1, 0, 0, 1],
       [0, 0, 0, 0, 0, 1, 0, 1, 0, 0, 0, 1, 1, 1, 1, 1, 0, 1, 0, 1, 1, 1,
        1, 1, 1, 0, 1, 0, 1, 1, 1, 1, 1, 0, 0, 1, 0, 1, 0, 1, 1],
       [1, 0, 1, 1, 1, 0, 0, 1, 1, 1, 0, 1, 0, 0, 1, 0, 0, 1, 0, 1, 0, 1,
        0, 1, 0, 1, 1, 0, 0, 0, 1, 0, 1, 1, 0, 1, 1, 1, 1, 0, 1],
       [0, 0, 1, 0, 1, 0, 1, 0, 0, 1, 1, 1, 1, 0, 0, 1, 0, 0, 0, 1, 1, 1,
        1, 0, 0, 0, 0, 0, 1, 0, 0, 1, 0, 1, 1, 0, 1, 1, 0, 0, 0],
       [0, 1, 1, 0, 0, 1, 0, 1, 1, 1, 1, 1, 0, 1, 0, 0, 1, 0, 0, 1, 1, 1,
        0, 1, 1, 0, 1, 1, 0, 1, 0, 1, 1, 0, 0, 1, 0, 1, 1, 0, 0],
       [0, 0, 1, 0, 0, 1, 1, 0, 1, 1, 0, 0, 0, 1, 0, 0, 0, 0, 1, 1, 1, 1,
        0, 1, 0, 0, 0, 0, 1, 0, 1, 0, 1, 1, 0, 0, 0, 1, 1, 0, 1],
       [1, 1, 0, 0, 0, 0, 1, 0, 1, 0, 0, 1, 1, 1, 1, 1, 1, 0, 0, 0, 0, 0,
        0, 0, 0, 1, 1, 1, 0, 1, 0, 0, 1, 1, 0, 1, 0, 0, 0, 1, 0],
       [0, 0, 1, 1, 0, 1, 1, 0, 0, 1, 1, 0, 0, 1, 0, 1, 0, 1, 1, 1, 1, 1,
        1, 1, 1, 0, 0, 0, 1, 1, 1, 0, 0, 0, 0, 0, 1, 0, 0, 1, 1]])











{
    "api_resolv": [
        0,
        0,
        0,
        1,
        0,
        0,
        1,
        0,
        0,
        0,
        0,
        0,
        1,
        1,
        0,
        1,
        0,
        0,
        1,
        1,
        0,
        0,
        1
    ],
    "file_access": [
        1,
        0,
        0,
        1,
        0,
        0,
        0,
        1,
        0
    ],
    "file_read": [
        0,
        1,
        1,
        0,
        0,
        0,
        1,
        0,
        0,
    ],
    "label": [
        0,
        0,
        0,
        1
    ]
}
